Main Id	Other ids
48	396577
414	1174477
719	867313
789	1202675
859	1018794
1011	336793
1238	1146531
2003	443918
2238	1174415
2261	1168480
2410	1392141
2510	1493198
3053	1395452
3078	1395740
3130	1329160
3386	1391540
3682	1395483
3920	1496451
3987	1164893
4279	1389468
4293	1383129
4557	1456056
4896	1391814
4908	1501526
5563	1395686
5687	7482
6110	1180672
7074	1392439
7192	1391794
7468	1390939
7949	1392943
8098	1255132
8258	1512399
8334	1394385
8368	1394573
9284	1229479
9601	1250953
9998	1493336
10087	1395290
10161	1390586
10178	442722
10254	1229534
11079	986115
11097	1318795
11224	1331418
11294	1399784
11507	1399788
11546	1256156
11548	1391953
11702	1171002
11753	1399670
11809	1392177
11864	1405911
12084	141011
12243	1392461
12510	1520369
13157	1392814
13385	1255991
13390	1332344
13518	1255992
13528	1402077
14022	1402440
14796	1216122
14934	1229614
16309	1216276
16401	1331526
16961	1392739
17108	1249757
17673	1229696
17725	983978
17736	1169423
17770	983979
20302	983980
20395	1435744
20582	1384102
21225	1496716
21948	1170912
22909	1185685
22416	1198037
22437	1493863
22705	1384723
22963	1400234
23154	89879
24025	918423
24084	1492706
24139	1249538
24273	1435850
24377	1404144
24393	1404138
24445	1180971
24456	1268577
24482	1200975
24572	1384779
24904	1208084
25930	901879
26578	1209318
26955	1385149
26957	1385148
27168	898950
27196	1332732
28318	1492919
28360	1255230
28779	1332763
29133	1400362
29588	1405593
29612	1391216
29670	1438054
29672	1402171
29765	1391719
29871	1332973
30271	1399781
30272	1399845
30336	1494325
30424	1494327
30744	1385962
31037	1404279
31172	1395022
31360	1386424
31374	1386421
31533	1500449
31542	1390457
31624	1383185
31632	1389904
31645	1434259
31665	1389914
31929	1494115
32047	1393127
32103	1383186
32334	1523515
32372	1386733
32428	1171429
32574	1390612
32685	1395584
32690	1395586
32931	1263347
33105	1513168
33348	1333014
33482	1435623
33521	1383266
33733	1260881
33811	872158
33837	1200675
33885	1389706
33904	1391836
34763	1255222
34893	1255223
34977	1400347
35018	1256469
35122	1364255
35359	1400578
35432	1494407
35911	1494451
36273	1393379
36650	1255805
36746	1207951
36988	1256142
37144	1254951
37336	1400010
37374	1383356
37661	1169957
38062	1251124
38211	1383379
38335	1256079
38458	1383383
38662	1255204
38683	1514552
38834	1394912
38900	1256280
38936	1255623
39023	1255075
39038	1255073
39142	1332435
39188	1255077
39210	1255072
39241	1255074
39472	872015
39559	1200493
39900	1164093
40179	1384087
40517	1403968
40721	1255218
40915	1255836
40937	1333434
41005	1255254
41225	1170642
41529	1255259
41544	1434335
41573	1404826
41886	1508280
42162	1185780
42359	1437648
42376	163280,1168761
42586	1255875
42718	1502385
42741	1435537
42952	1317411
43066	1437592
43112	1437594
43638	1393837
43892	1394080
44185	1186622
44206	1007154
44748	834257
45332	1384813
45389	1499616
45443	1180779
45465	1394325
45814	1394905
45864	1168999
45866	1394906
46456	1318869
46554	1400634
46699	872173
47034	1437921
47233	1167401
47234	373844
47510	1437922
47560	1384905
47727	1504571
47917	1476201
48107	1480194
48129	1493143
48139	1514038
48268	872273
48289	1255154
48330	1383313
48370	1383312
48387	1524933
48412	1436955
48602	975869
48953	1493229
49067	1256224
49238	1229962
49317	1229964
49396	1229966
50215	1221995
50372	1424455
51823	1389347
52259	1494027
53015	872271
53345	1400412
53498	1169850
53538	1320403
53566	1383597
53859	1383469
54001	1437019
54191	1332265
54456	1134475
54500	1173499
54676	1383754
54717	1173498
55100	1400543
55118	1383799
55508	1400558
55873	1494570
56086	1494572
56372	1331887
56523	1180664
56537	1200433
56589	1504205
57127	1385387
57142	1318856
57637	1316105
57947	1316859
58435	1384645
58638	1477495
59049	1464269
59081	1391261
59195	985957
59533	1510717
59565	1464358
59733	1401081
59764	1401633
59832	1359507
60288	1359517
60327	1385233
60413	1391312
60438	1464293
60818	1392840
60863	1385337
60872	1392986
61649	1166646
61783	1383622
61927	1393860
62002	1464391
62955	1316479
63207	1250052
63292	1168391
63297	1464448
63573	1222401
63581	1176673
63777	1386109
64029	1436579
64156	913143
64470	1464524
64537	1168024
64845	1333220
65139	1400939
65587	1437808
65840	1389476
66157	153319
67195	1426845
67463	1321552
67504	1403804
67561	1401107
67641	999700
67651	1391902
67684	1250724
67726	1433921
67874	1250722
67909	1433919
67937	1399485
68421	1254620
68568	1250571
68574	1392019
68605	1392099
68631	1464769
68701	1254623
68831	1230223
68893	872203
68947	1200690
69100	1200704
69233	1506035
69318	1134770
69365	1464803
69563	1254614
69567	1317756
69576	1493094
70021	1519969
70229	1254019
70239	1330576
70732	1401317
71186	1386131
72482	1332338
72584	1402138
73372	1402804
73480	1385706
73523	1402805
73593	1494041
73987	1480797
74087	1403723
75282	1480813
76014	1436183
76049	1465177
76297	1201113
76574	1388041
76656	1387195
76693	1465200
77070	1387326
77229	1165453
77326	1434689
77329	1401605
77378	1436032
77633	1385950
77744	1385941
78226	1433977
78424	1516192
78735	1465286
79317	1465324
79650	1436079
79699	1436074
79843	1384680
80821	1394454
80915	1230466
81048	1465436
81285	1465414
81482	703642
81546	1250993
81848	1403515
82108	1399478
82181	872360
82191	1200754
82626	1402909
82910	1389860
83479	1385134
83553	156790
83744	1511284
84015	1315845
84505	1403108
84561	1403107
84902	1480999
84983	1388131
85235	1233608
85445	1230542
85634	1426097
86275	1400270
86317	1157539
86622	1403157
86629	1391290
86940	1157549
87153	1158069
87269	1494843
88979	1511872
89498	1394085
90141	1403659
90636	1386326
91348	1403432
91420	1198457
91502	1185778
92041	1134485
92092	1393830
92189	1270947
92211	1270949
92220	1270946
92257	155417
92841	1399143
92877	1399150
92928	1404956
92934	1404958
92969	1523783
93038	1485828
93333	1393586
93407	1393581
93455	1135321
93716	899113
93955	1135029
94643	1215050
95093	1475690
95472	1494946
95541	1404955
95897	1396113
96522	1477414
96958	1388497
97016	1465872
97563	1387854
97669	1305330
97710	1305331
97832	1495284
98099	1393613
100514	1180884
102206	1437283
106338	1260824
109118	1395749
109609	1262735
109702	1496939
110912	1332623
112143	1513677
112557	953443
116096	1261441
116698	1286018
116960	1286074
116977	953576
117077	1495113
117806	1261630
118054	930424
118071	1184600
118092	930136
118137	1261817
118356	1262639
118424	1263774
118637	1263694
118982	1263944
119824	1388642
119892	1404662
140768	1293427
140879	1167709
141076	1290617
142047	1519570
142213	1280187
142346	947864
142429	1278685
142646	1276822
142813	1275421
142884	943199
142946	1274536
142991	1274092
143259	939906
143295	1271966
143365	1271560
143374	1271450
143382	1271498
143385	1271506
143487	1270586
143574	1269876
143787	1267793
143821	1267367
144241	335242
144344	932032
144525	1261456
144900	1258745
145328	1256038
145515	1254741
145763	921909
145978	920926
146506	915038
146576	915358
146738	913359
148170	1168117
148208	901011
148236	1231580
148478	898346
148496	898134
148638	897926
148967	895407
151270	1180606
151322	963118
151596	1392813
151959	1389400
152011	1388829
152042	1388342
152609	1164613
152739	1381303
152845	1164549
153167	1168233
153489	1039314
153523	1039223
153604	1039573
153639	1038154
153692	1038031
153750	1371891
155160	379462
155290	403299
155610	1359983
156126	1356742
156655	271372
156750	485727
156775	830003
156795	1015419
156874	1509752
156976	1349556
157050	1014368
157332	1346135
157371	1012711
157418	1345347
157701	1343178
157746	1342917
157757	1009262
157827	1342010
157846	1341916
158041	1339954
158121	1005458
158165	389884,1382570
158792	1332072
159055	1329762
159377	1168358
159523	1325991
159557	1325634
159566	1325699
159606	991486
159643	1325119
159829	639732
159895	1323466
160026	984809
160099	988348
160175	987443
160183	987262
161070	979712
161080	978925
161213	978321
161572	1305608
161746	1303695
161817	971435
161892	1168423
161968	970415
162228	966730
162450	1297788
162588	1169709
162829	1294843
162867	1294545
163052	1497683
163061	1161423
163336	1490804
163475	1149923
163991	1145585
164240	1142145
164285	1141954
164391	1140606
164906	1475300
165274	870109
165909	1466831
165916	1466799
166377	1461931
166419	1461610
166434	1461507
166499	1460653
166604	1459088
166841	408088
166920	1455663
167084	1453921
167593	1111008
167778	1167346
167783	1506065
168076	1106765
168149	1444275
168276	1442984
168309	1442772
168365	1442284
168616	1505408
168955	1436859
168993	1436538
169576	1093665
170036	1168294
170136	1180887
170202	1426307
170239	1425899
170410	1424611
171019	1080811
171118	1418228
171306	1078590
171568	1078292,1415678
171758	1075060
171779	819961
171791	1075804
172112	1411765
172181	1072972
172202	1410993
172219	1410890
172245	1410634
172250	1071508
172280	1410158
172297	1410058
172325	1409815
172326	1071151
172349	1409549
172428	1408653
172460	1408237
172468	1408186
172514	1407582
172538	1407564
172566	1407073
172568	1407092
172570	1407113
172575	1407147
172599	1406878
172601	1406898
172615	1406633
172691	1405949
172754	1169408
173159	1401727
173186	1064702
173235	1400784
173394	1399247
174863	1335803
175209	1193042
175540	1335382
175769	1505223
175792	1335239
175980	1335549
176022	744033
176918	1334579
176993	1500012
177168	1406213
177279	1403592
177679	930379
177711	1391493
178145	1263869
178465	1263203
179620	1387362
179627	1426510
180024	1220044
180412	1437071
180757	1159574
181472	1216527
182259	1458731
182472	1461365
182639	1458465
182696	1459127
183443	1499607
184166	1395777
184201	1392233
184495	1461309
184547	1461173
184569	1168068
184675	1461204
184723	1392235
184934	1527407
184956	834084
185156	1460818
185234	1460793
185437	1460897
185953	1460589
186012	1168268
187269	953758
187539	1287111
188224	955107
188227	955101
188229	955106
188238	955100
188266	1287728
188864	1168256
189114	1403060
189155	1403077
198718	1458841
203526	1460041
203912	1460172
219116	1403166
219120	1403169
219262	1403164
219359	1417316
219367	1417225
219613	1525778
219679	538241
219993	1394168
220028	1187686
220044	1404342
242705	1405801
242937	1481351
257931	1282515
258464	1260649
259905	1258553
260036	1511587
260094	1256609
260097	1259468
260286	1257072
260426	1257933
260828	1256712
261223	1259888
261285	1260630
265440	1445281
265675	1257410
265995	1172146
267054	1258819
267205	1489817
267584	1257336
267924	1257999
268160	1259398
268345	1258818
268775	1182424
268945	1260515
269084	1259748
269157	1260654
269208	1256711
269345	1394694
270434	1169477
270805	1349592
270897	1349683
271368	1352890
272324	1351866
273536	1168214
273830	1350805
274494	1436832
274860	1399272
275057	1292345
275168	1339619
276000	1466127
276319	985235
276363	1389369
276780	1389381
277161	1365369
277369	1399689
277730	1292407
277895	1230565
278061	1522586
278138	985311
278208	1232860
278243	1055159
320964	1342349
321323	1175343
321442	1460198
321619	1389628
321652	1293593
321696	1466248
321906	1354708
322102	1354593
322304	1354615
323017	1522494
323775	1353546
324946	1357094
325025	1357057
325285	1356898
326042	1185742
326416	1356270
326781	1356020
327178	1355765
328436	1355036
328493	1355007
329476	1402906
329502	1402901
329540	1482754
329697	1402900
329854	1174376
329871	1293544
330027	1293574
330082	1256434
330095	1466275
330328	1163541
330460	1389735
330717	1488507
331189	1292867
332934	1445449
333250	1483531
333812	1482621
334869	1292929
335044	1305769
335472	1348049
335511	1207764
335528	1495704
336214	1234524
336394	1339665
336606	1495859
336700	1505177
338077	1405653
338256	1234580
339461	1235404
339466	1235403
339471	1235405
339480	1235402
339566	1235340
339746	1235228
339800	1235200
339817	1235201
339845	1235157
339946	1167422
339980	1235073
340147	1512897
340295	1234925
340540	1234779
340747	1236206
340761	1236204
340862	1236125
340864	1236122
340951	1236088
340972	1236090
341250	1235976
341278	1235965
341928	1283560
344031	1285277
344042	1502709
345353	1169885
346397	1195735
347571	1367095
347573	1367101
347583	1367093
347826	1401706
348405	1343018
349476	1366668
349725	1296543
349892	1296544
349998	1178995
350088	1496957
350376	1293318
350755	1497244
350816	1159300
351544	1482913
352056	1317858
352088	1435433
352175	1386956
352206	1386957
352389	1386960
353268	1295529
353897	1527193
354983	1368452
355510	1295347
355911	1403337
355936	1436846
356071	1030548
362313	1339790
369104	1410446
369306	1410277
370348	1409434
371914	1408189
371998	1408093
372083	1408057
372375	1407812
373498	1407049
374038	1071693
374417	1406515
374942	1158417
375271	1488536
375323	1170258
376131	1403289
376575	1184746
376645	1296143
376730	1482899
376972	1397496
377044	1403805
377061	1293934
377123	1436150
378465	1365870
378551	1526458
378640	1404199
379337	1476373
379390	1475508
379429	594800
379466	1476048
379636	1403794
379683	1015027
379775	702580
384001	1397450
388344	1466800
388617	1381197
388620	1381198
389713	1382689
389894	1382573
390069	1382464
390421	1382272
390484	1382217
390958	1382029
393745	1377266
396586	1509717
397124	1471692
397314	1379009
398541	1378082
399531	1431340
399906	1431107
399994	1431057
400281	1521592
401461	1432101
401544	1432028
401932	1431777
402175	1432819
402286	1432781
402536	1432616
402645	1432543
402926	1432410
403257	1432222
403367	1432161
403693	1432995
404740	1433441
405747	1369240
408099	1379975
408669	1352911
408846	1015235
409183	1466878
409187	1292999
409219	1483188
409256	1482619
409297	1482918
425580	1380004
425722	1398856
433897	1375710
434327	1375491
434379	1375480
435017	1375942
435139	1352675
435769	1188379
436092	1364353
436180	1293063
436442	1364714
436775	1365221
437193	1404119
437272	1230752
437991	1037262
438870	1213043
439116	882634
440811	1173042
441476	1213763
441647	1213646
441738	1213574
442694	1403609
443066	1475503
443428	1475696
443442	1475544
443577	1434769
444995	1473133
445058	1306042
445740	1389506
445853	1389504
446358	1389508
447283	1402629
447348	1402633
447691	1476527
448210	1396728
448510	1389548
448604	1467138
448613	1389600
449089	1340214
449226	1467184
449401	1343603
449602	1343665
449895	1385171
449960	1385172
450081	1385186
450912	1386097
450920	1386098
459619	1379500
460480	990848
463443	1372705
464960	1260965
466145	1340332
466967	1313255
467621	1504818
468413	1375027
468453	1374601
468544	1446930
469191	1306557
469592	1294780
469763	1329405
469812	1168444
469954	1318770
470668	1451713
470892	1448112
471090	1339817
471105	1190083
471820	1340178
472259	1397702
473806	1308486
476312	1398858
476869	1448675
476984	1379793
477821	1471822
479244	1448454
479561	1436971
479567	1207231
479737	1307204
479895	1256362
480104	1343973
480120	1343960
480170	1343921
480804	1006722
481084	1007368
481097	1007131
481460	1167915
481744	1398347
482039	1341479
482449	1449059
483390	1285961
483574	1099381
484090	1286017
484107	1285604
484503	1286887
485316	1467472
485711	1294598
485965	1319073
486640	1467566
486780	1295158
487310	1446191
490791	1445864
494431	1132483
494710	1133846
494829	1475058
495027	1474929
495029	1474932
495166	1133132
495264	1173762
495789	1474432
496049	1474249
496302	1474092
496309	1474081
496424	1132647
496517	1215192
496596	1198004
496765	1473583
496778	1473576
497073	1132726
497583	1232748
497955	1166753
498403	1293817
498827	1210884
524329	1090397
524628	1427383
524843	1500022
524932	1427184
525238	1453661
525337	1113963
525374	1453591
526097	1453999
526104	1454005
526431	1453804
529399	1467714
530228	1454642
530395	1167531
530424	1454518
530499	1454449
530523	1454447
530524	1454451
534035	1450034
534787	1454785
534817	1454772
535158	1454973
535390	1455214
535959	1439954
536673	1455289
536680	1455288
536692	1455291
536708	1455286
536792	1455412
537875	1526152
537983	1455651
538017	1166236
538283	1455444
538727	1456057
538873	1516389
539223	1456466
539289	1162043
540150	1518496
540520	1131740
540655	1456993
540905	1440045
540986	1457218
540992	1457211
541110	1457123
541703	1167724
541718	1457339
541773	1457300
541794	1457287
541925	589628,1166542
541948	1457567
542067	1457482
542093	1186328
542406	829728
542529	1308448
542539	1179895
542582	1457964
543012	1458187
543553	1467807
543563	1228949
544308	1440108
545198	985734
546591	1494909
549637	1244279
549665	1469193
549695	1469176
551122	1469142
553628	1296389
556736	1469610
556807	1181924
556991	1470372
556997	1470394
557509	1506613
558140	1308454
558547	1448211
558614	1448255
558796	1178056
558889	1344081
558950	1344054
559104	1344260
559727	1168372
560130	1440763
572205	1439799
573014	1450663
573381	1451235
573847	1452880
573865	1452867
574612	1518262
574837	1449470
574913	1449439
575381	1450983
575546	1500963
575745	1450764
575847	1450704
575916	1344715
576041	1167740
577104	1507656
577491	1452046
577515	1453171
577977	1451816
578101	1451761
578378	1451614
578499	1453060
578788	1453177
578841	1453161
578920	1453121
579861	1245253
581051	1420736
581495	1423796
583026	1420948
583044	1171629
583934	1423654
584097	1423154
584304	1422570
585104	1420774
585519	1420355
586751	1422486
586862	1422280
588731	1478097
589380	1244041
589490	1089157
590778	1132326
591270	1089313
591494	1429805
591712	1429678
592029	1430380
592152	1429433
592359	1429262
592599	1429181
592721	1169908
592751	1429057
592843	1430508
592932	1430460
593102	1527122
593489	1428641
593711	1166544
594457	1294072
594923	1489205
595003	942576
595089	1359286
595157	1489212
595247	1489244
595308	1244924
596184	1223966
596773	1222857
598782	1223305
598830	1222919
599116	1223555
603930	1224215
604353	891588
604354	891584
604851	1224268
605976	1469209
605996	1243013
606013	1469203
606089	1469231
606271	1469309
606303	1244168
606320	1471574
606406	1469486
606414	1469489
606500	1469433
606602	1469346
606627	1469345
606667	1469320
606766	1469603
606771	1469608
606904	1469834
607041	1469740
607376	1469895
607515	1469950
607646	1330441
607711	1244998
607826	1470134
607958	1470035
612505	1271248
617046	1470340
617079	1470321
617113	1470305
617412	1470536
617429	1470526
617611	1470423
617621	1470411
617765	1470696
617819	1470671
617835	1470658
617984	1470571
618247	1471047
618264	1471045
618330	1470998
618357	1471002
618366	1470976
618368	1470982
618391	1470963
618451	1470927
618653	1470800
619126	1471593
619222	1471533
619257	1471488
619320	1471466
619431	1471377
619657	1471212
619723	1245414
620859	1328639
620958	1328195
622307	1327325
622524	1327203
623036	1326854
623140	1326784
623177	1326745
623807	1326387
629027	1274949
629109	1510933
629183	1277827
629321	1277756
629563	1277471
630082	1275710
632283	1275129
632817	1275488
633187	1245133
633192	1294451
634066	1489395
634738	1489476
635400	1245023
636003	1495336
636258	913075
636315	1489438
636459	984619
636859	1242892
637067	1245095
637129	1244241
637143	1196780
637226	1244499
637345	1320684
638002	1245282
638164	1227779
638810	1243794
639370	976661
639584	1273406
639980	1243409
640366	1245761
640910	1330983
641030	1233355
641702	1311457
641762	1245389
642038	1447679
642418	1271561
642536	1231721
642715	1243379
642975	1233693
643119	1447750
643461	1233465
643798	1243449
644056	1193372
644220	1273905
644240	1273907
644847	1170854
644962	1233780
645362	1472913
645806	1468196
645850	1246608
646330	1003886
646527	1164354
646609	1336875
646959	1495009
647113	1272053
647408	1312055
647489	1180936
647726	1308596
647789	1468285
656139	1303598
656168	1303593
656295	1303491
656296	1303490
656427	1303424
656442	1303411
656468	1303385
656633	1305127
656684	968672
656711	1305102
656930	1304920
656956	1304918
656981	1304876
657024	1301715
657025	1304849
657029	1304852
657055	1304859
657063	1304831
657110	1304792
657265	1304678
657266	1304681
657302	1304644
657343	1304619
657420	1304555
657459	1304528
657627	1304418
657628	1304428
657633	1304421
657785	1304311
657793	1304328
657806	1508015
657810	1508017
657877	1304249
658210	1303979
658292	1303944
658414	1303849
658518	1303781
658575	1303758
658724	1303644
658795	1303270
658880	1303213
659230	1302962
659250	1302932
659431	968360
659590	1302685
659734	1302595
659778	1302527
659792	1302550
659798	1302530
659839	1302529
659862	1302496
660104	1302331
660221	1302249
660227	1302246
660246	1303618
660540	1302068
660729	1301913
660751	1301906
660761	1301914
660782	968557
660804	1301867
660805	967762
660817	1301856
660889	1301801
660894	1301802
660898	1301803
660993	1301717
661042	1301692
661230	1301556
661249	1301546
661250	1301548
661393	1301446
661430	1301414
661449	1301408
661505	1301371
661516	1301349
661520	1301351
661671	1301247
661722	1301209
661725	1301211
661957	1301053
661979	1301018
662017	1301005
662110	1300941
662249	1300853
662311	1300793
662379	1300748
662457	1300706
662471	1300700
662690	1300528
662741	1300489
662767	1300487
662772	1300488
662868	1300404
662879	1300402
662994	1181166
663058	1300299
663189	1300208
663192	1300204
663213	1300198
663293	1300137
663395	1300069
663397	1300060
663400	1300067
663420	1300061
663543	1299957
663554	1299953
663692	1299856
663713	1299858
663727	1299838
663849	1299759
663877	1299729
670843	1370662
671336	1369594
671529	1371723
672372	1369511
672826	1311329
673171	1509831
673492	1311338
673879	1305750
674545	1482253
674575	1341671
674956	1489694
675127	1482315
675177	1500826
675224	1209387
675250	1232542
675842	954116
677085	1416890
678147	1188112
678774	1415957
679168	1415736
679321	1415668
679613	1415502
681078	1293191
681141	1295310
681287	1312270
681313	1295736
682198	1499261
682233	1498579
682680	1505559
682747	1498561
682802	1498535
683196	1497878
683705	1167317
684088	1526665
684966	1312283
685403	1288704
685417	1288710
685569	1285789
685595	1285756
685757	1312340
685894	1342048
686194	1341740
686230	1341363
686499	1345571
687411	1342304
687542	1256333
687633	1167425
687677	1489995
687720	1312404
688942	1472440
689394	1312431
690704	1205252
690843	1205182
690957	1205098
692673	1205669
693473	1203801
693740	1203629
694762	1203341
695051	975317
695291	1305875
695368	1468584
695500	1311602
696658	1297165
696816	1297052
696916	1296994
697176	1297413
697482	1232843
697561	1297635
697775	1297785
697837	1297744
697873	1297734
697910	1297703
698030	1297798
698272	1296953
698497	1298558
698538	1298479
698540	1298477
698586	1298447
698588	1298442
698675	1298385
699073	1298665
699339	1298782
699438	1298720
699745	1299462
699804	1299414
700060	1299268
700435	1299044
700613	1299535
700700	1299682
700702	1299686
700832	1297907
701092	1298131
701200	1298047
701421	1256388
701480	1294844
702597	1255515
702700	1273461
703066	1255572
703070	1481789
704180	1213516
704263	1510566
704388	1429876
704639	1255488
704770	1309118
721783	1103059
721837	1441883
721879	1442704
721882	1442708
721914	1444335
721942	1442956
722015	1441678
722108	1442614
722137	1442415
722149	1443768
722368	1441983
722397	1444109
731317	1236479
731501	1517432
731562	1240928
732072	1240628
733571	1239742
733699	1239660
734530	1239168
735425	1240577
735561	1239045
735757	1237038
737229	1237886
738703	1240599
739012	1490194
739127	1312518
739299	1255480
739462	1256456
739467	1256457
739544	1312573
739577	1255946
740292	1360560
740297	1360557
740918	1312611
740944	1182654
741390	1490474
741553	1490489
741714	1490351
741850	1292600
742066	1490541
742349	1294064
742928	1360575
743340	1442431
743352	1442815
743433	1443717
743499	1441644
743543	1444249
743667	1443054
743767	1444056
743832	1442453
744009	1442393
744309	1255332
745240	1242135
745754	1517150
746202	1241539
747053	1241050
747069	1171064
747070	1241051
747847	1255242
747852	1255239
748858	1444381
749129	1442030
749443	1228877
749591	1256322
749661	1255699
749805	1255909
749841	1307016
749856	1307019
749887	1444349
749979	1442115
750000	1441943
750054	1203581
750148	1103168
750465	1307696
750605	1442935
750699	1441722
750898	1442271
750977	1442823
750990	1442894
750997	1442326
751512	913095
751687	1296519
751798	1274402
751976	1225411
752004	1225414
752088	1293371
752098	1256047
752137	1256048
752201	1256086
752387	1293453
752395	1293454
752448	1272634
752498	1272637
752544	1256128
752555	1255262
752617	1256126
752664	1305791
752719	1255380
752748	1254962
752773	1254964
752778	1274770
752873	1255289
752978	1444420
753080	1443530
753224	1443535
753242	1443907
753633	1441613
753875	1306252
753951	1255438
754359	1272253
754701	1490350
754935	1208061
754957	1526314
754969	1255693
755229	1245384
755313	1255294
755527	1254997
755658	1255803
755682	1255658
755694	1255662
755703	1255659
755738	1255980
755810	1255822
755964	1255373
756046	1255922
756126	1255935
756129	1255939
756455	1255956
756527	1226341
756579	1245062
756777	1509271
756784	1256017
756790	1256521
756806	941733
757002	1256074
757193	1415119
757519	870141
758099	1413977
758268	1524987
758310	1413828
758422	1413649
758798	1177814
759116	1412516
759603	1411957
760204	1411002
760378	1244382
760467	1414999
760976	1413430
761615	1411639
761661	1414950
762630	1370482
763552	1414661
764554	1411893
764616	1411762
764696	1411640
764741	1411449
764895	1187939
764915	1411096
765056	1243791
765168	1274284
765180	1274296
765355	1255754
765452	1272060
765459	1254938
765472	1254943
765527	1244935
765628	1490624
765693	1255942
766265	1256294
766277	1256301
766311	1256303
766364	1490657
766590	1255212
766609	1274116
766656	1256337
766660	1256336
766727	1256395
766802	1256396
766850	1256406
766968	1256404
767025	1232737
767089	1243385
768434	1252829
769539	1253867
770042	1253626
770131	1253664
770488	1252206
771056	1253617
771742	1485879
771943	1254027
772573	1254094
772576	1254096
772598	1254095
772651	1468766
772771	1436343
773060	1246258
773142	1309348
773285	1326203
773407	989954
773422	1167961
773426	989919
773699	1324575
774751	1363066
774866	1363000
775387	1362693
775641	1361137
775790	1362352
777004	1361760
777107	1361705
777203	1361663
777500	1361512
777599	1361450
780054	1174634
780816	870002
781036	1324391
781313	1324697
781398	1325593
781446	1324866
781662	1178889
781685	1509800
781981	1264583
781998	1264579
782366	1265076
783419	1265705
783652	1265555
783689	1265535
783849	1325596
784449	992323
784935	1323093
784945	1326284
785043	1323691
785065	1323562
785071	1323309
785105	1323246
785129	1323187
785384	1324616
785430	1323860
785733	1325985
785777	1325285
786223	1323484
786591	1326183
786953	1386592
787072	1254309
789791	1185784
790103	1462786
790158	1462753
790806	1462356
791280	1462060
791372	1254404
791443	1254433
791514	1247127
791566	1254454
791620	1254476
791622	1254481
791713	1468984
791838	1469003
792174	1254607
792255	1254670
795306	1225004
795395	1224945
795422	1224940
795513	1224859
795690	1224766
795963	1254751
796777	1168622
796815	1191862
797131	1228958
798191	1247743
798328	1226624
798462	1226542
798463	1226541
798509	1226507
798522	1226504
798788	1226321
798915	1226174
799590	1225779
799614	1225755
799690	1225719
799703	1225710
799783	1225596
799909	1225522
800177	1225988
800400	1225208
800532	1225154
800585	1225116
801123	1245074
801272	1232412
801480	1197659
803805	1371017
804375	1245626
804630	1218633
804835	1266219
804913	1266154
805477	1266657
805810	1266383
805830	1266379
806823	1267425
806886	1267379
806997	1267289
807179	1267619
807548	1267897
808194	1269322
808206	1269315
808380	1269162
808608	1269914
808622	1269913
808624	1269915
808652	1269880
808720	1269829
809121	1270464
809567	1270135
809636	1270818
809643	1270822
809731	1270747
809739	1270726
809760	1270731
809812	1270669
810001	1344890
810152	1268546
810341	1188995
810368	1503720
810560	1268226
810910	1268894
811076	1268775
811136	1268722
811740	1359051
811870	1344949
812703	1244567
812745	1245290
813169	1226866
813444	1345758
813488	1346179
813745	1345149
813748	1345140
813933	1345218
813935	1245314
814229	1227171
814468	1247583
815058	1360117
815183	1170245
815496	1360685
815741	1360937
816105	1344926
816107	1344929
816109	1345256
816336	1345257
816852	1345614
816855	1345612
816862	1347590
816881	1347627
817053	1247241
817363	1346155
817747	1419532
817930	1419402
818541	1417768
818903	1419362
819290	1419145
819376	1419050
820711	1418585
820888	1218248
820978	1453836
821061	1487148
821109	1218204
821124	1182809
821322	1524419
821551	1184699
821588	1199967
821639	1275307
822182	868607
822236	1347478
822244	1347593
822468	1192398
822472	1347960
822899	1345725
823070	1274738
823213	1478618
823241	1219039
823273	1219042
823286	1219046
823350	1347407
823501	1479393
823913	1345200
824144	1345319
824490	1345757
824745	1347633
824852	1347634
824855	1347637
824887	1346535
824993	1219014
825039	1242942
825361	1345308
825806	1168186
825956	1347730
825994	1345748
826026	1347250
826624	1390370
827183	1244256
827543	1478168
827583	1199422
827638	1345878
827698	1199701
828344	1478880
829442	1211570
829810	1508292
830441	1180749
830809	1481520
830988	1256468
831035	1107966
831330	1352726
832360	1217541
832363	1217546
832598	1164170
832850	1217840
833071	1181003
833579	1190101
833684	1123682
833716	1185763
833914	1358633
833916	984004
834008	1509913
834052	1180968
834128	1181057
834309	1306102
834364	1210423
834819	1404184
834944	1207821
835060	1210379
835567	1466159
835732	1437410
835871	1159606
836143	1386100
836380	1390002
836475	1255771
837062	1450432
837204	1310467
837798	1310735
838042	1393461
838918	1448472
839084	1167980
839157	1346151
839193	1187218
839306	1427341
839319	1319286
839372	1386576
839556	1387134
840046	1459016
840167	1105382
840172	1438070
840476	1494205
841101	1306101
841539	1168066
841685	1168517
842272	1278687
842628	1326972
842680	1255202
843312	1279160
844310	887771
844320	1218308
844761	1218558
844776	1507001
844819	1217970
844888	1217992
844946	1279791
845248	1178596
845279	1279916
845351	1255081
845360	1282110
845783	1280185
846087	1456213
846365	1279152
846445	1279960
846616	1279428
846765	1217963
847074	1196434
847096	1280440
847565	1280608
848142	1280836
848149	1280847
848182	1255844
848541	1280951
848731	1280964
849847	1248148
850307	1164116
850372	1338759
850551	1164344
850879	1171638
851052	1281567
851088	1281580
851844	1281941
851996	1415888
852083	1383534
852094	1282024
854834	1282077
855028	1467450
855582	1526318
855653	1282379
856050	1324731
856307	1225915
856525	1430108
856587	1517530
857638	1407444
857801	1195039
857963	1417322
858069	1491369
858183	1358468
858912	872322
858949	1218625
859236	1387518
859361	1335346
859780	1232063
859828	872154
859934	1346008
860050	1416467
860078	1371143
860080	1254754
860270	1346092
860365	1346178
860388	865445
860630	1157948
860676	1288787
860699	1288783
861011	1290639
861073	957732
861077	957733
861104	1229965
861222	1164342
861451	1166895
861564	1467911
861657	1290951
861919	1346297
861971	1199473
862041	1346365
862341	957252
862723	957247
862726	957299
862735	957301
862745	957246,1290078
862925	1289271
862977	1199963
863244	1198767
863422	1346733
863423	1346732
863620	1346848
863938	1347137
864039	1347015
864242	1347095
864385	1460539
864448	925849
864460	1289182
864697	1347549
864705	1347546
864871	1347204
864947	1347373
865064	1460030
865313	1235372
865561	1199146
865615	1199067
865681	1504900
865808	1198730
865826	1198749
866177	1198907
866422	1198774
866432	870271,1199136
866520	1527318
866906	1170586
866958	1158992
867026	1367576
867139	1495008
867216	869914
867552	1275119
867553	1275120
867571	1438184
867755	1458540
868318	1381441
868369	1414680
868377	1412078
868465	871802
868485	1200065
868537	1200115
868627	1346379
868696	1505328
869141	1291138
869264	1290668
869356	1291260
869457	1398471
869458	1398463
869881	1255520
869984	1201235
870088	1516120
870144	1178013
870229	1200676
870307	1199140
870313	1199142
870314	1199143
870323	1199152
870329	1198834
870382	1198877
870384	1198876
870457	1515499
870558	1199030
870560	1199031,1509496
870591	1199066
870747	1198768
870775	1199203
871156	1199655
871180	1199703
871202	1199599
871217	1199668
871223	1199677
871277	1199998
871315	1199391
871339	1501574
871519	1200218
871569	1200004
871612	1200215
871640	1200248
871671	1200292
871678	1200286
871706	1200346
871807	1180629
871809	1200067
871860	1200188
871946	1200435
871961	1200441
871963	1200443
872012	1200492
872017	1200490
872210	1201024
872255	1200747
872298	1200697
872362	1200753
872396	1200756
872397	1200755
872413	1200776
872431	1185513
872441	1185561
872452	1185544
872456	1200784
872464	1200788
872515	1185597
872525	1185576
872546	1509541
873087	1204794
873093	1205099
873941	1204053
874120	1203899
874437	1204663
874766	1204660
875230	1205639
875435	1205908
875539	1178260
875685	1205845
875746	1206269
875755	1206275
875859	1206401
876356	1206965
876883	1207247
877018	1207358
877052	1207402
877165	1207232
877397	1207466
878588	1209068
878623	1209725
878626	1209720
879042	1209198
879701	1209040
879829	1210823
880771	1210231
881074	1212131
882133	1212428
882142	1212715
882226	1212752
882399	1213579
882510	1213196
882647	1213258
882661	1186542
882670	1173068
882721	1213298
882853	1212933
882994	1212973
883127	1212701
883147	1213053
883157	1214523
883283	1214183
883324	1213853
883386	1213508
883393	1213514
883446	1214616
883455	1214633
883474	1213920
883478	1213915
883526	1213534
883529	1213936
883576	1214666
883583	1214683
883678	1213994
883698	1214317
883966	1213693
884000	1214418
884175	1213759
884224	1214897
884289	1214490
884513	1215196
885261	1526106
885567	1216229
885589	1216263
885590	1216258
886232	1217186
886522	1217269
887421	1218020
887687	1217637
887755	1217624
888117	1219173
888128	1218035
888170	1219223
888264	1218658
888422	1218182
888575	1218900
888807	1219283
889654	1371384
889741	1220085
890252	1219870
890745	1221714
891593	1506243
891798	1222952
891952	1223273
892016	1222175
892217	1222783
892597	1222639
892685	1222657
892805	1222676
892944	1223525
892945	1223526
892998	1224403
893113	1224173
893150	1223857
893437	1223968
893654	1224301
893805	1223458
893942	1223510
893946	1223514
893970	1224099
894002	1514627
894078	1224484
894280	1224892
894357	1225221
894421	1225255
894441	1226182
894450	1224947
894452	1224946
894453	1224949
894496	1224966
894606	1225012
894738	1224762
894823	1225087
894825	1225084
894887	1225125
894910	1225439
894911	1225441
895002	1225160
895028	1224843
895096	1225182
895153	1225798
895175	1226397
895364	1226118
895365	1226121
895367	1226124
895402	1225854
895494	1226160
895509	1226488
895540	1225892
895613	1225908
895635	1226202
895681	1225682
895751	1225653
895764	1225941
895934	1226591
895971	1226286
896468	1502420
896611	1227351
897110	1228956
897277	1226992
897861	1227675
898543	1228818
898938	1229824
899046	1229481
899099	1230674
899100	1230672
899169	1229544
899213	1185677
899311	1231826
899350	1231961
899361	1229627
899364	1229629
899433	1229357
899472	1229374
899612	1230129
899616	1230134
899692	1230142
899841	1524610
900054	1230240
900063	1230535
900186	1229963
900423	1229998
900581	1230374
900839	1232073
900908	1231463
900967	1231171
900971	1170543
901086	1232142
901144	1231785
901239	1231838
901403	1229879
901405	1231891
901411	1231895
901412	1231900
901414	1232215
901501	1232241
901507	1232239
901534	1231601
901538	1231606
901548	1231922
901552	1231921
901599	1231933
901701	1231655
901750	1515146
901767	1232027
902545	1233307
903311	1234183
903781	1233694
903834	1234324
904418	1525366
904453	1234732
904575	1235138
904629	1234821
904850	1235835
904873	1235270
904889	1235429
905058	1235323
905211	1235988
905431	1234746
905541	1234975
905686	1236201
905936	1235671
905942	1235662
905970	1234684
906115	1238053
906152	1238384
906371	1239482
906442	1526437
906520	1236871
907437	1236486
907554	1237192
907574	1237539
907740	1526113
907936	1237939
907945	1238223
908063	1238602
908197	1238633
908323	1238335
908408	1397982
908787	1239324
908917	1239132
908918	1239133
909078	1238853
909181	1239457
909541	1239530
909732	1188736
909942	1240153
910212	1239963
911087	1241820
912141	1242446
912214	1242489
913451	1243529
915159	1245024
915874	1512348
916251	1249308
916567	1246181
916869	1248234
916891	1247405
917456	1246824
917498	1247590
917508	1247983
917749	1248060
917954	1247742
918464	1248738
918648	1248785
918904	1249662
919214	1249977
919985	1249742
920216	1250130
920268	1169482
920788	1251247
920822	1250268
921047	1249904
921103	1251403
921439	1253250
921739	1169493
921786	1253039
922135	1253158
922410	1253222
922487	1252289
922620	1253934
922761	1253628
922833	1253668
922858	1253382
922906	1253422
922971	1253423
923014	1253439
923024	1253450
923232	1254554
923243	1254226
923268	1254574
923309	1254287
923336	1254306
923394	1254352
923403	1254350
923430	1254370
923470	1254389
923500	1254075
923503	1254071
923611	1254458
923615	1254468
923689	1254529
923696	1254178
923714	1254854
923762	1254599
923773	1254912
923824	1254688
923872	1254733
923970	1255377
923977	1255381
924049	1255424
924052	1255428
924161	1255123
924166	1255130
924180	1255474
924245	1255500
924246	1255505
924280	1255510
924295	1255530
924311	1255080
924312	1255084
924325	1255206
924328	1255210
924335	1255557
924337	1255551
924340	1255552
924343	1255567
924387	1255228
924388	1255229
924392	1255236
924398	1255580
924399	1255579
924408	1255586
924410	1255320
924412	1255324
924414	1255329
924427	1255587
924472	1255621
924473	1255620
924493	1255266
924497	1255270
924535	1254927
924541	1254933
924543	1254937
924558	1255302
924559	1255301
924561	1255303
924567	1255652
924572	1255654
924587	1254949
924610	1255313
924618	1255335
924626	1255676
924629	1255687
924633	1255689
924634	1255688
924646	1254968
924659	1255340
924673	1255354
924675	1255355
924678	1255698
924683	1255700
924688	1255704
924718	1255361
924726	1256012
924734	1256037
924737	1256036
924750	1256331
924752	1256332
924761	1256051
924763	1256053
924765	1256054
924772	1256062
924780	1256354
924792	1255755
924793	1255759
924822	1256371
924824	1256372
924844	1256384
924850	1255770
924853	1255772
924867	1256088
924870	1256090
924871	1256089
924872	1256087
924910	1256095
924917	1256094
924933	1256399
924936	1256415
924937	1256410
924956	1255801
924969	1256123
924981	1256451
924988	1255835
924996	1256131
924999	1256137
925015	1256461
925049	1256146
925052	1256151
925054	1256153
925061	1256154
925062	1256155
925073	1256478
925076	1256473
925084	1256496
925131	1256515
925134	1256513
925138	1256508
925140	1256523
925141	1256525
925143	1256516
925146	1256518
925167	1255881
925183	1256200
925185	1256197
925186	1256199
925187	1256198
925188	1256194
925189	1256196
925195	1256526
925200	1256532
925216	1255915
925229	1256219
925231	1256213
925232	1256210
925243	1255933
925248	1255934
925262	1256227
925297	1256239
925299	1256240
925302	1256238
925320	1255944
925322	1255947
925324	1255948
925338	1256261
925347	1256278
925352	1256276
925358	1255982
925361	1255990
925364	1255989
925367	1255997
925375	1256279
925376	1256285
925377	1256283
925390	1256299
925394	1255994
925491	1162686
925857	1257440
926076	1257526
926175	1256713
926479	1256797
926602	1257334
927184	1258659
927278	1257795
927366	1258073
927994	1257940
927995	1257941
928597	1259581
928600	1259578
928740	1259311
929191	1526724
929292	1259459
929365	1260378
929669	1260705
929998	1514483
930038	1264104
930511	1261039
930776	1261884
931534	1527236
931859	1262887
932072	1262595
932297	1263434
933394	1264128
933407	1527317
933757	1264581
934739	1265432
935012	1265503
935034	1264973
935035	1264974
935293	1267209
935310	1265987
935312	1265985
935314	1266387
935327	1266417
935360	1267227
935362	1267229
935367	1267239
935381	1265995
935385	1266002
935387	1266001
935402	1266420
935404	1266422
935408	1266427
935413	1266431
935421	1266437
935444	1266846
935480	1188961
935494	1266457
935495	1266462
935553	1266060
935567	1266484
935575	1266872
935576	1266869
935590	1266894
935627	1266100
935636	1266504
935638	1266506
935641	1266512
935694	1270196
935781	1266551
935784	1266566
935829	1345817
935859	1266585
935896	1265801
935897	1265802
935899	1265796
935902	1265811
935942	1266599
935954	1267017
935964	1267021
935970	1265753
935975	1265774
935989	1266216
935992	1266818
935993	1266230
936026	1267040
936058	1266256
936061	1266262
936187	1265896
936230	1266710
936262	1267141
936311	1267152
936316	1267149
936325	1267159
936398	1266755
936404	1267173
936411	1267188
936461	1266764
936463	1266763
936464	1266762
936465	1266767
936488	1268429
936499	1268868
936512	1268905
936513	1304441
936547	1267995
936560	1268442
936562	1268439
936568	1268914
936571	1268904
936578	1268909
936593	1267596
936630	1268463
936634	1268461
936657	1267260
936691	1268029
936702	1268472
936704	1268480
936733	1267293
936765	1268054
936775	1268068
936776	1268070
936789	1268518
936790	1268521
936821	1267332
936824	1267348
936838	1521963
936850	1268090
936871	1268561
936879	1267311
936935	1268143
936964	1267356
936973	1267366
936977	1267731
936999	1268157
937009	1268622
937016	1268639
937018	1268638
937022	1268637
937057	1267767
937065	1267781
937088	1268187
937102	1268663
937108	1268666
937113	1267417
937118	1267413
937128	1267785
937142	1267797
937154	1268204
937161	1268212
937168	1269964
937170	1268219
937211	1267412
937212	1267415
937246	1268244
937304	1268734
937307	1268737
937327	1268752
937328	1267454
937335	1267471
937358	1267884
937365	1268282
937401	1267506
937414	1267885
937488	1267479
937491	1267484
937506	1267917
937575	1267933
937595	1268377
937602	1268383
937620	1268849
937633	1267549
937637	1267556
937639	1267565
937648	1267966
937653	1267960
937746	1269998
937748	1269999
937753	1270002
937756	1270001
937784	1270385
937814	1269639
937830	1270037
937836	1270043
937838	1270041
937842	1270062
937860	1268961
937861	1268964
937862	1268963
937863	1269323
937879	1269658
937916	1268991
937944	1269359
937950	1269680
937967	1270082
937969	1270084
937992	1268966
938006	1269374
938063	1269006
938088	1269409
938099	1269727
938106	1269734
938116	1270125
938130	1270145
938136	1269031
938154	1269035
938155	1269044
938161	1269423
938186	1269774
938240	1269777
938242	1269772
938246	1269789
938256	1269799
938279	1269061
938317	1269797
938337	1270195
938340	1270201
938368	1269143
938397	1269837
938413	1270233
938423	1270240
938430	1269164
938443	1269508
938478	1269860
938509	1269219
938553	1270257
938564	1270277
938576	1269176
938579	1269183
938619	1269899
938655	1269232
938668	1269580
938670	1269578
938681	1269911
938683	1269925
938772	1269953
938773	1269958
938798	1270781
938801	1270784
938811	1270791
938828	1270411
938836	1270805
938883	1270474
938886	1270471
938891	1270479
938900	1270441
938901	1270443
938904	1270446
938907	1270445
938909	1270447
938918	1270502
938970	1270606
938981	1270611
939010	1270692
939035	1270694
939038	1270720
939049	1270727
939093	1271419
939095	1271415
939096	1271414
939104	1273463
939111	1273462
939191	1273788
939342	1274341
939345	1271162
939425	1274541
939647	1270906
939854	1273332
940108	1272013
940250	1272050
940325	1272066
940365	1271520
940433	1272448
940606	1272136
940633	1271562
940678	1272139
940992	1271935
941165	1273656
941322	1273359
941462	1273379
941700	1524654
941739	1273824
941945	1273165
941952	1273517
943247	1274623
943607	1275059
943608	1275065
943693	1275080
943777	1275100
943849	1275118
944209	1276084
944264	1275680
944281	1276110
944377	1274914
944730	1275450
944753	1275891
944875	1276708
944966	1277135
945430	1276491
945586	1277788
945666	1277810
945702	1215896
945722	1276972
945890	1277389
946211	1278502
946515	1277945
946877	1506314
947139	1278142
947255	1278781
947545	1279164
947546	1279162
948171	1187162
948212	1279650
948462	1280633
948787	1280432
948929	1280466
949233	1280218
949643	1281625
949979	1281735
950123	1282347
950153	1281491
950255	1282098
950257	1282097
950593	1282755
950622	1282754
950624	1282761
950667	1284486
950801	1280859
950896	1283217
951125	1283494
951647	1283989
952073	1284457
952096	1283524
952461	1283932
952937	1285068
952955	1285367
953080	1284811
953242	1284841
953350	1286854
953398	1285752
954703	1285872
954713	1286395
954877	1288668
955204	1286981
955283	1286999
955498	1288210
955608	1286659
955696	1287153
955762	1513397
955787	1287241
956007	1286818
956105	1287344
956163	1286900
956262	1287398
956381	1288517
956435	1287954
956694	1289249
957084	1289968
957139	1288985
957514	1289147
957516	1289166
957800	1288900
958068	1290132
958165	1289718
958438	1290696
958447	1290703
958597	1289424
958608	1289809
958807	1290786
958970	1289472
958992	1289864
959018	1290339
959098	1289893
959113	1290376
959163	1290893
959318	1289594
959465	1289985
959576	1290025
959592	1290501
959742	1291491
959803	1291514
959810	1291527
959869	1291097
960072	1291578
960515	1291258
960519	1291255
960635	1291756
960696	1291387
960757	1292185
960809	1291791
960816	1291795
960859	1291393
961115	1524472
961116	1524464
961208	1293079
961229	1293128
961237	1293150
961345	1526315
961349	1526024
961546	1526354
961655	1292289
961736	1292316
961785	1295902
962026	1294482
962321	1296512
962468	1292541
962534	1293683
962636	1292992
962658	1293322
962979	1293141
963330	1294295
963541	1295722
963618	1295737
963623	1295750
963677	1294382
963685	1294384
963840	1295039
963905	1294745
964034	1294785
964172	1294522
964209	1295165
964364	1295631
964365	1295641
964377	1294617
964437	1526047
964545	1294957
964607	1294961
964682	1296584
964714	1295770
964855	1295826
964858	1295828
964882	1524615
964888	1524579
964889	1524580
965270	1296401
965433	1297053
965492	1298429
965566	1296914
965617	1296978
965628	1297005
965731	1298006
965758	1297340
965784	1297711
965807	1298322
965810	1298327
965843	1297730
965853	1298048
965855	1298064
965876	1298740
965941	1297411
965945	1297752
966183	1297509
966217	1298189
966241	1297532
966310	1298228
966314	1298233
966319	1298236
966371	1297916
966375	1298243
966529	1297636
966531	1297631
966533	1297641
966561	1297306
966565	1297307
966572	1297655
966591	1297966
966602	1297986
966611	1298295
966631	1297342
966696	1298581
966760	1298609
966803	1298348
966940	1298917
966952	1298926
967088	1299256
967204	1299298
967235	1298745
967244	1299018
967286	1298519
967335	1298770
967339	1298777
967341	1298778
967388	1298794
967390	1298808
967392	1298807
967467	1299379
967533	1299130
967554	1299446
967864	1520020
967945	1302103
967998	1299884
968142	1300062
968249	1301353
968395	1301628
968502	1301718
968579	1301095
968615	1300207
968653	1301111
968699	1300239
968840	1300291
968880	1303665
968923	1300327
968943	1300834
968997	1300349
969090	1300405
969200	1299941
969214	1300471
969220	1300472
969275	1299967
969348	1299995
969438	1300007
969485	1301014
969615	1300612
969757	1300165
969779	1300687
969785	1302483
969841	1302022
969844	1302495
969852	1303005
969859	1303013
969895	1302066
969911	1302511
969935	1301182
969983	1302553
970063	1525765
970069	1301251
970137	1302632
970166	1301234
970273	1302226
970283	1302241
970319	1301301
970458	1302287
970559	1302737
970621	1302748
970745	1301454
970789	1302805
970830	1301929
970906	1301487
970948	1302437
971042	1508209
971087	1303354
971114	1303726
971115	1303730
971118	1303733
971129	1304142
971281	1303769
971366	1303440
971384	1303792
971411	1304221
971510	1303477
971545	1304246
971647	1304273
971712	1303899
971738	1303150
971756	1303540
971819	1303205
971956	1517256
971957	1303229
971973	1303605
972008	1304392
972026	1303284
972027	1303280
972041	1303635
972115	1303687
972116	1303684
972157	1303327
972160	1303333
972177	1303699
972239	1304967
972248	1304974
972249	1304968
972285	1304995
972395	1304567
972415	1305064
972463	1305100
972497	1305134
972654	1304864
972655	1304862
972656	1304863
972808	1305879
972829	1306696
973005	1307154
973168	1305380
973170	1305381
973328	1518337
973413	1306418
973511	1305701
973513	1305704
973540	1306726
973639	1307954
973805	1305329
973836	1305796
973905	1305828
974099	1305520
974116	1305895
974118	1305897
974120	1305899
974122	1305900
974432	1308665
974596	1305179
974785	1308041
974794	1308051
974974	1307694
975066	1307725
975264	1308266
975342	1307408
975476	1307020
975669	1307521
975797	1307920
975992	1311462
975993	1311466
976099	1308805
976179	1310470
976182	1310483
976247	1310710
976358	1310768
976499	1310875
976615	1520598
976991	1308735
977037	1310257
977045	1309325
977255	1309418
977373	1188320
977551	1308979
977571	1309580
977574	1309579
977609	1310583
977668	1310086
977669	1310078
977684	1310606
977689	1310616
977694	1309008
977730	1309614
977871	1309090
977977	1309697
977979	1309693
977992	1309727
978073	1310224
978089	1310248
978156	1309829
978161	1310266
978169	1310277
978226	1309823
978338	1310369
978373	1312694
978386	1311349
978398	1311343
978544	1310921
978611	1312357
978703	1312389
978722	1311002
978762	1311899
978873	1311972
978876	1312439
978930	1311965
978994	1311053
979063	1311072
979074	1311128
979169	1311626
979281	1184779
979285	1312117
979364	1311684
979396	1312606
979415	1311259
979422	1311261
979439	1311715
979549	1312212
979735	1312249
979889	1313293
979951	1313310
980476	1313445
980791	1313262
981077	1314499
982456	1315419
982466	1315434
983096	1314776
983793	1316631
983902	1320405
984224	1318225
984365	1318588
984380	1321535
984643	1322092
984871	1317769
984887	1320683
984934	1317771
984937	1317779
985025	1317818
985093	1317425
985178	1317436
985205	1317888
985274	1512711
985439	1317503
985525	1318933
985548	1183938
985616	1317580
985809	1319818
985839	1318481
985987	1318102
986183	1319560
986212	1318607
986288	1318228
986326	1319116
986411	1523494
986418	1319149
986433	1319627
986569	1318739
986761	1318824
986884	1319342
986886	1319341
986923	1318358
986940	1318374
986984	1319368
987145	1318931
987163	1318949
987345	1320790
987356	1320788
987417	1319901
987427	1320158
987496	1319924
987505	1319925
987536	1320845
987575	1525462
987578	1319988
987649	1320334
987811	1321389
987843	1320498
987875	1320926
987903	1321417
987940	1320535
988036	1320558
988067	1321532
988093	1320104
988096	1320114
988139	1321009
988140	1321010
988168	1321571
988191	1320132
988240	1321569
988246	1321574
988248	1321580
988288	1320634
988343	1321606
988383	1320658
988397	1321099
988404	1321109
988496	1321141
988566	1321153
988579	1321164
988582	1321158
988669	1321733
988684	1321757
988708	1322674
988840	1322780
988882	1322244
988949	1322277
988952	1519598
989042	1322353
989071	1321905
989144	1322372
989149	1322379
989151	1322416
989255	1321976
989277	1322505
989282	1322499
989308	1322034
989340	1322043
989537	1323018
989810	1522995
989914	1325417
990001	1324452
990029	1323565
990361	1323622
990436	1323633
990624	1323972
990626	1323973
990690	1323693
990694	1323692
990737	1324330
990934	1323740
990971	1324373
991062	1324402
991212	1324428
991326	1325673
991400	1325396
991435	1324776
991780	1324546
991855	1325496
992041	1324583
992075	1324906
992304	1324972
992478	1325003
992546	1324734
992718	1326061
992737	1325769
992739	1325772
992761	1326073
992829	1325789
992833	1325788
992921	1325848
993029	1325901
993630	1327722
993835	1328525
993911	1327592
993929	1327991
993962	1327267
994056	1327636
994113	1327670
994116	1327666
994440	1327810
994542	1327116
994622	1327444
994719	1327915
994739	1327173
994986	1328761
995606	1328672
995813	1187262
996316	1329831
996360	1329230
996432	1330207
996690	1329650
997133	1329760
997136	1329763
997373	1330861
997423	1330501
998014	1333254
998178	1332972
998287	1332457
998314	1331825
998372	1332602
998595	1331789
998645	1331424
998862	1332353
998888	1333590
998916	1331522
998925	1331899
998980	1331532
999010	1331924
999036	1332388
999330	1332477
999404	1332495
999477	1332070
999482	1332081
999781	1334443
999808	1332646
999815	1333010
1000110	1333635
1000129	1333653
1000267	1333196
1000396	1333714
1000429	1332776
1000563	1333773
1000617	1333311
1000683	1332832
1000751	1333821
1000884	1333447
1000885	1333450
1001059	1333489
1001351	1335492
1001424	1334582
1001608	1335280
1001706	1190229
1002115	1184910
1002344	1334553
1003006	1336002
1003065	1505228
1003636	1337373
1005021	1338137
1005189	1185726
1005632	1338478
1005686	1337845
1006475	1339555
1006653	1339908
1006834	1339660
1006845	1339970
1006883	1341948
1006914	1339676
1007002	1340013
1007015	1340439
1007087	1341966
1007312	1339808
1007380	1339812
1007382	1339816
1007402	1340189
1007448	1339830
1007545	1341797
1007550	1341796
1007552	1341793
1007578	1341031
1007625	1340258
1007627	1340256
1007735	1341088
1007903	1340350
1008088	1340775
1008106	1341191
1008218	1340433
1008275	1341695
1008290	1340462
1008466	1341320
1008493	1341757
1008537	1341344
1008608	1341352
1008617	1342176
1008619	1342174
1008640	1342193
1008654	1341808
1008706	1341832
1008708	1341836
1008717	1342260
1008925	1341998
1008954	1342022
1008969	1342410
1008970	1342403
1009071	1342102
1009110	1342147
1009574	1342645
1009865	1344075
1009884	1344385
1010023	1343150
1010073	1187195
1010272	1343857
1010394	1343587
1010422	1344232
1010518	1343276
1010530	1343616
1010866	1344053
1010928	1344410
1010936	1344710
1011061	1344791
1011151	1344532
1011256	1345001
1011261	1345003
1011285	1345446
1011296	1345850
1011362	1345076
1011403	1345094
1011445	1345123
1011537	1526065
1011549	1345228
1011557	1345254
1011561	1345247
1011585	1345261
1011613	1347845
1011615	1345284
1011651	1345314
1011696	1345331
1011699	1345335
1011701	1345334
1011750	1344912
1011761	1345350
1011795	1344933
1011796	1344934
1011797	1344935
1011889	1346738
1011903	1346751
1011909	1347241
1011914	1346863
1011919	1347243
1011924	1345834
1011932	1345881
1011935	1346270
1011966	1346771
1011986	1347273
1011994	1347264
1012010	1345899
1012011	1345897
1012012	1345898
1012048	1345496
1012049	1345499
1012066	1345929
1012078	1346346
1012119	1345537
1012164	1346859
1012173	1346874
1012174	1346864
1012203	1345971
1012278	1346004
1012286	1346442
1012318	1345579
1012321	1345595
1012347	1346858
1012350	1346044
1012367	1346473
1012400	1346991
1012403	1345606
1012404	1345609
1012438	1346055
1012450	1346495
1012462	1346507
1012490	1345669
1012500	1346069
1012532	1347020
1012602	1346563
1012616	1347056
1012617	1347059
1012625	1347065
1012641	1345700
1012645	1346102
1012682	1346591
1012696	1346482
1012701	1347089
1012707	1345705
1012709	1345709
1012714	1345712
1012720	1345717
1012745	1346161
1012748	1346596
1012752	1346597
1012809	1345775
1012820	1346171
1012823	1346173
1012828	1346615
1012836	1346630
1012837	1346629
1012870	1345746
1012882	1346185
1012883	1346187
1012884	1346189
1012905	1346657
1012916	1346663
1012926	1198633
1012985	1347195
1013011	1345820
1013021	1346238
1013040	1346698
1013044	1346706
1013056	1346722
1013070	1347649
1013075	1347665
1013089	1347685
1013097	1347278
1013110	1347287
1013116	1347703
1013119	1347707
1013133	1347304
1013151	1347196
1013174	1347383
1013176	1347382
1013192	1347768
1013193	1347761
1013211	1344861
1013220	1347771
1013222	1347781
1013259	1347805
1013268	1347420
1013279	1347439
1013281	1347446
1013288	1347832
1013291	1347827
1013294	1347834
1013337	1347450
1013344	1347891
1013354	1347908
1013362	1347506
1013379	1347916
1013407	1347526
1013491	1348026
1013497	1348038
1013514	1347601
1013517	1347600
1013531	1347632
1013742	1505258
1014360	1348842
1014386	1349252
1014483	1349322
1014740	1349589
1014833	1351774
1014838	1351778
1014930	1502277
1014952	1352577
1015023	1350025
1015083	1350399
1015264	1349486
1015462	1350838
1015679	1350474
1015693	1350903
1015736	1350094
1015915	1350552
1016168	1351061
1016295	1524915
1016388	1350748
1016458	1350751
1016701	1351693
1016904	1352651
1016907	1351330
1017036	1351794
1017173	1352743
1017176	1352745
1017203	1351820
1017262	1352773
1017414	1352806
1017459	1526001
1017600	1351538
1017635	1352413
1017818	1352974
1017819	1525737
1017898	1353065
1017910	1353063
1018059	1353658
1018340	1353798
1018389	1353803
1018401	1353816
1018508	1353870
1018682	1353241
1018845	1353981
1019251	1354762
1019252	1354765
1019253	1354761
1019394	1354793
1019397	1354792
1019404	1355075
1019498	1354195
1019553	1354226
1019624	1354223
1019679	1354242
1019786	1355184
1019966	1354634
1020039	1354964
1020068	1356416
1020208	1355553
1020622	1355647
1020832	1355474
1020877	1356344
1021023	1355514
1021080	1357289
1021250	1356456
1021469	1357093
1021591	1357151
1021609	1356586
1021634	1356888
1021721	1356646
1021725	1356910
1021729	1356918
1021780	1356936
1021845	1357252
1022012	1358353
1022071	1359509
1022778	1357426
1023347	1358705
1023349	1358711
1023381	1359279
1023631	1359333
1023833	1359103
1024014	1359443
1024907	1360571
1025125	1359772
1025187	1360923
1025246	1360684
1025730	1361152
1025770	1361185
1025853	1361484
1025961	1361520
1026025	1361568
1026277	1362402
1026310	1362687
1026514	1361679
1026597	1361721
1026725	1363262
1026790	1362525
1027074	1362588
1027084	1362603
1027086	1362597
1027489	1362732
1027502	1363041
1027739	1362886
1027813	1362927
1028339	1363573
1028560	1363337
1028828	1363778
1029507	1364932
1029747	1365000
1030468	1367525
1031364	1365836
1031608	1366200
1031654	1365609
1032518	1367097
1032521	1367099
1032543	1367930
1032600	1365702
1032638	1366839
1032806	1366862
1033136	1367746
1033392	1525874
1033708	1368904
1034030	1368420
1034268	1369078
1035247	1369556
1035306	1370414
1035555	1370474
1035773	1371327
1037779	1372612
1039395	1375183
1039489	1373656
1039665	1374331
1039679	1374413
1040242	1375580
1040422	1375259
1040901	1505317
1040942	1375473
1041136	1375534
1041209	1377091
1041479	1376748
1041786	1376070
1041821	1376498
1041870	1376099
1042293	1376234
1042371	1376302
1042375	1376299
1042377	1376300
1042512	1377745
1042778	1377185
1042781	1377184
1042910	1378191
1043107	1378221
1043138	1377579
1043201	1377603
1043230	1377958
1043346	1377665
1043554	1379464
1043593	1378756
1043664	1379136
1043665	1379140
1043666	1379137
1043669	1379141
1043720	1378811
1043758	1379510
1044237	1379639
1044268	1378977
1044342	1378604
1044421	1379029
1044574	1379406
1044979	1380960
1045071	1379885
1045370	1380421
1045587	1380109
1045606	1197787
1045698	1381493
1045742	1381419
1046157	1381364
1046314	1381408
1047079	1381998
1047085	1382001
1047231	1382447
1047441	1382519
1047597	1382817
1047790	1383946
1047862	1383392
1048123	1501520
1048181	1384783
1048299	1386161
1048375	1501252
1048427	1384908
1048639	1171468
1048663	1385885
1048678	1384402
1048691	1385152
1048694	1385188
1048699	1385189
1048854	1384613
1048895	1385971
1049000	1385396
1049003	1500730
1049365	1386959
1049366	1386961
1049367	1386958
1049370	1386962
1049371	1386963
1049372	1386971
1049396	1388491
1049402	1389273
1049545	1387096
1049636	1387938
1049643	1388682
1049672	1387931
1049688	1388707
1049867	1389818
1050049	1383855
1050063	1383874
1050178	1389995
1050208	1383892
1050334	1383585
1050410	1383596
1050414	1383637
1050420	1383979
1050426	1383975
1050527	1384512
1050529	1384507
1050639	1383157
1050640	1383156
1050642	1383165
1050645	1383678
1050651	1383679
1050700	1383161
1050725	1383700
1050933	1384682
1050948	1383784
1050983	1384704
1050988	1384705
1051220	1386371
1051250	1385333
1051252	1385335
1051346	1385377
1051512	1386482
1051521	1384281
1051523	1386493
1051616	1385060
1051618	1385068
1051696	1385536
1051697	1385535
1051924	1386108
1052017	1386722
1052045	1385248
1052062	1385685
1052072	1385716
1052163	1386261
1052256	1386315
1052281	1385301
1052282	1385300
1052285	1385302
1052441	1388898
1052471	1387910
1052558	1388427
1052562	1388428
1052563	1388426
1052564	1388429
1052601	1387490
1052613	1388001
1052647	1387084
1052767	1387575
1052811	1387106
1052812	1387111
1052834	1387576
1052841	1387574
1052856	1388060
1052902	1387156
1053110	1388747
1053195	1387320
1053198	1387329
1053199	1387323
1053266	1387748
1053287	1388282
1053419	1388840
1053477	1388375
1053664	1389392
1053712	1389417
1053787	1389912
1053900	1389573
1053910	1389570
1054019	1389617
1054078	1389639
1054203	1389700
1054257	1389711
1054258	1511524
1054550	1391620
1054792	1390568
1054795	1390561
1054799	1390570
1054818	1390918
1054913	1393674
1054982	1391483
1055055	1393883
1055060	1393885
1055116	1391023
1055117	1391024
1055123	1391028
1055126	1391030
1055440	1391099
1055547	1187126
1055578	1390767
1055784	1390838
1055833	1390537
1055950	1392313
1055999	1391975
1056130	1391359
1056214	1391303
1056216	1391299
1056350	1391785
1056364	1392120
1056587	1391851
1056614	1392472
1056659	1392194
1056685	1391524
1056776	1391905
1056867	1392245
1057016	1392287
1057112	1393747
1057113	1393749
1057130	1392978
1057132	1392979
1057192	1392608
1057223	1393007
1057519	1392682
1057548	1393478
1057807	1393980
1057808	1393981
1057885	1392790
1057922	1393607
1058069	1392841
1058091	1393282
1058191	1393662
1058194	1393671
1058304	1395517
1058529	1394518
1058626	1394896
1058669	1394199
1058705	1394911
1058751	1394587
1058799	1395298
1058820	1394603
1058909	1394969
1058916	1394963
1059180	1395408
1059230	1395049
1059234	1395050
1059359	1394735
1059422	1394444
1059514	1395629
1059552	1395643
1059556	1395649
1060108	1396117
1060200	1396137
1060268	1396168
1060289	1395901
1060518	1395965
1060706	1396842
1060798	1397471
1060873	1397497
1060976	1396959
1061005	1397515
1061072	1397534
1061075	1397532
1061132	1397289
1061284	1397051
1061369	1397630
1061393	1397073
1061765	1398023
1062049	1398647
1062104	1398656
1062487	1505342
1062762	1401917
1062864	1402185
1062903	1400600
1063134	1399911
1063242	1399098
1063246	1399102
1063248	1399100
1063258	1399108
1063310	1525244
1063385	1400069
1063409	1403049
1063511	1400180
1063701	1399175
1063712	1399650
1063756	1399174
1064042	1405969
1064125	1403608
1064418	1399561
1064427	1399560
1064537	1399075
1064640	1401250
1064657	1400028
1064683	1400890
1064687	1400892
1064692	1400900
1064742	1400495
1064805	1400511
1064828	1400940
1064830	1400932
1064906	1399718
1064960	1400217
1064966	1400229
1064967	1400228
1065125	1401027
1065144	1399798
1065377	1400778
1065429	1400786
1065568	1400854
1065611	1401667
1065616	1401695
1065673	1401723
1065685	1402054
1065818	1402094
1065829	1402556
1065843	1401401
1065844	1401403
1065901	1401428
1065920	1401796
1066031	1401464
1066088	1401514
1066090	1401513
1066115	1401867
1066142	1402689
1066266	1401557
1066316	1402776
1066413	1401964
1066441	1402809
1066777	1402905
1066784	1402912
1066802	1402924
1066806	1403397
1066839	1403842
1066849	1195909
1066876	1403428
1066884	1403863
1066895	1404315
1066904	1404320
1066910	1402919
1066950	1403884
1066963	1404329
1067106	1403528
1067108	1403948
1067110	1403950
1067112	1387122
1067532	1403254
1067559	1404117
1067568	1404151
1067569	1404145
1067588	1404405
1067799	1404975
1067878	1405043
1067890	1405466
1067921	1404633
1067949	1405497
1068087	1405546
1068100	1404715
1068123	1405194
1068212	1406039
1068303	1404769
1068354	1406079
1068392	1405344
1068449	1405353
1068452	1405351
1068689	1406677
1068734	1409409
1068781	1407145
1068826	1410567
1069490	1406723
1069682	1409407
1070022	1408084
1070168	1408120
1070169	1408119
1070171	1408121
1070216	1407282
1070220	1407709
1070249	1408135
1070548	1407813
1071001	1503658
1071279	1408956
1071312	1409457
1071315	1409454
1071855	1410039
1072144	1410602
1072750	1412056
1073104	1412945
1073202	1411286
1073318	1411004
1073392	1411338
1073416	1411441
1073445	1411033
1073486	1411371
1073521	1413976
1073542	1411052
1073705	1411769
1073975	1412258
1074009	1412636
1074048	1411867
1074470	1411629
1074533	1411628
1074534	1411630
1074535	1411626
1074589	1412432
1074668	1412447
1074724	1412116
1074757	1412823
1074814	1412126
1074939	1412506
1074947	1413957
1075126	1412916
1075290	1414095
1075293	1414093
1075294	1414094
1075307	1412997
1075324	1413334
1075519	1413378
1075707	1414186
1075878	1413809
1075960	1413472
1075976	1413826
1075985	1413834
1075996	1414249
1076279	1413917
1076301	1414352
1076432	1413960
1076433	1413958
1076500	1415136
1076550	1414794
1076559	1415159
1076639	1414448
1076677	1414473
1076795	1414553
1076870	1414576
1077141	1415106
1077194	1415272
1077391	1416422
1077398	1416555
1077788	1416271
1077831	1416272
1077841	1416279
1077931	1415843
1077943	1416062
1078110	1416364
1078638	1416748
1078655	1417222
1078697	1417397
1079004	1417294
1079270	1416686
1079273	1416684
1079274	1416688
1079557	1417489
1079659	1417540
1079741	1417556
1079812	1418082
1079816	1418084
1079891	1418779
1079925	1417649
1079983	1417673
1080031	1417674
1080037	1417671
1080039	1417676
1080072	1505956
1080318	1505827
1080357	1418266
1080515	1417917
1080534	1418325
1080607	1418324
1080643	1526019
1080712	1418369
1080754	1419412
1080763	1419529
1080869	1418430
1080903	1418894
1080929	1419335
1080958	1418467
1080975	1418927
1081073	1417722
1081087	1418483
1081118	1418969
1081169	1418981
1081222	1419003
1081287	1419043
1081301	1419069
1081337	1419515
1081379	1419513
1081425	1419101
1081426	1419104
1081530	1418707
1081536	1418733
1081694	1420009
1082105	1423173
1082169	1423258
1082174	1505395
1082716	1422527
1082718	1422523
1082908	1420026
1082986	1420374
1083135	1421699
1083142	1420777
1083207	1420790
1083255	1421448
1083309	1421113
1083448	1421490
1083584	1420613
1083587	1422127
1083590	1420903
1084694	1422298
1085161	1423537
1085275	1423230
1085525	1423797
1086143	1424787
1086164	1425150
1086246	1424109
1086488	1424219
1087107	1424745
1087192	1426144
1087866	1426006
1087890	1425390
1088063	1426539
1088077	1426877
1088193	1426638
1088217	1426978
1088443	1427392
1088445	1427398
1088505	1427506
1088603	1499620
1088735	1499614
1088757	1427078
1088778	1427941
1088876	1428025
1088898	1428663
1088904	1428665
1089048	1429171
1089059	1429159
1089076	1427342
1089080	1427327
1089104	1428145
1089214	1430153
1089323	1427068
1089366	1429308
1089437	1429337
1089745	1429877
1089943	1429943
1090605	1428251
1090606	1428249
1090707	1428708
1090951	1429196
1091311	1428930
1091347	1429821
1091352	1429824
1091397	1428966
1091398	1428963
1091415	1429440
1091420	1429437
1091772	1430545
1091801	1431129
1092565	1431080
1092699	1431102
1092997	1431758
1093493	1432485
1094153	1433177
1094243	1433200
1094548	1433582
1094694	1433616
1094696	1433615
1095280	1434272
1095528	1433899
1095750	1434232
1095899	1437409
1096062	1434533
1096188	1434900
1096280	1434925
1096441	1434980
1096480	1435613
1096624	1191316
1096793	1435686
1096903	1435108
1096996	1435394
1097011	1435740
1097222	1435828
1097245	1434871
1097529	1436597
1097627	1435975
1097961	1436057
1098109	1436103
1098303	1436526
1098336	1437165
1098388	1436830
1098402	1436848
1098497	1437916
1098539	1437230
1098628	1526735
1098879	1437702
1099244	1437901
1099247	1438193
1099305	1441204
1099379	1438998
1099625	1438896
1099660	1439591
1099706	1439272
1099766	1438566
1100022	1439003
1100118	1439374
1100167	1438705
1100541	1440293
1100543	1438788
1100603	1438428
1100617	1438831
1100939	1439991
1101012	1440364
1101045	1440756
1101076	1440048
1101256	1440442
1101562	1440566
1101710	1440930
1102013	1441415
1102345	1441719
1102347	1441718
1102348	1441723
1102409	1442262
1102452	1441778
1102557	1443096
1103022	1442120
1103243	1443870
1103277	1443004
1103330	1443895
1103338	1443896
1103361	1442646
1103363	1442647
1103380	1443052
1103415	1442281
1103434	1442656
1103476	1443563
1103497	1442312
1103499	1442313
1103563	1442221
1103740	1443640
1103825	1442413
1104167	1443740
1104293	1442907
1104661	1443924
1104805	1444164
1104820	1444413
1104962	1444093
1105398	1446950
1105536	1447150
1105835	1444919
1105849	1444939
1105851	1444941
1105855	1444943
1105868	1445337
1106099	1444529
1106391	1446053
1106640	1446122
1106643	1446121
1106668	1444793
1106767	1445223
1106810	1446193
1106986	1190579
1107182	1447471
1107782	1447210
1108532	1450266
1108593	1450253
1109220	1452509
1109278	1452560
1109490	1452726
1109915	1448208
1110174	1449924
1110419	1450525
1110481	1451965
1110613	1449356
1111116	1449499
1111502	1451686
1112339	1451218
1112634	1452923
1113341	1453130
1113667	1457328
1113705	1456138
1113753	1456274
1113881	1527254
1113952	1456435
1113967	1454448
1114019	1453422
1114122	1453606
1114190	1453732
1114225	1456766
1114263	1454671
1114292	1456828
1114294	1456831
1114309	1453753
1114520	1454423
1114627	1453656
1114628	1453657
1114630	1453660
1114659	1457340
1114682	1453662
1114685	1453666
1114706	1454087
1114736	1453304
1114784	1454112
1114852	1454151
1114994	1525619
1115006	1525623
1115051	1454242
1115185	1453468
1115395	1454387
1115476	1454424
1115502	1453594
1115593	1454952
1115665	1454961
1116037	1454616
1116075	1510412
1116123	1454643
1116194	1454731
1116195	1454733
1116201	1454743
1116341	1454745
1116503	1454829
1116587	1454812
1116683	1455342
1116696	1455344
1116958	1457227
1117126	1457746
1117192	1457294
1117195	1457299
1117233	1456911
1117343	1457367
1117420	1457865
1117547	1457440
1117703	1457490
1117825	1457138
1117883	1456725
1117931	1458051
1118448	1459369
1118901	1459757
1118906	1459758
1119127	1458911
1119246	1458375
1119250	1458397
1119260	1458422
1119323	1458439
1119583	1460756
1119603	1458544
1119632	1459270
1119676	1461265
1119772	1459297
1119835	1458635
1119981	1458714
1120259	1460726
1120442	1459589
1120500	1459663
1120559	1459726
1120561	1459715
1120572	1459719
1120581	1460375
1120591	1460381
1120741	1460463
1120860	1460556
1120959	1460086
1120995	1461322
1121475	1461988
1121616	1461640
1121732	1462387
1121918	1462792
1122598	1461933
1123020	1463863
1123059	1463539
1123061	1463540
1123117	1463553
1123243	1463920
1123420	1463669
1123433	1463989
1123561	1464002
1123841	1468266
1123883	1464044
1123929	1464370
1124086	1464659
1124142	1464411
1124162	1464669
1124193	1464977
1124222	1464437
1124274	1464167
1124377	1464475
1124587	1464801
1124723	1464821
1124954	1464893
1124971	1466068
1125002	1465489
1125112	1526784
1125142	1465228
1125150	1465522
1125151	1465357
1125169	1465541
1125213	1465240
1125327	1465874
1125344	1466172
1125431	1465300
1125578	1465641
1125673	1465964
1125727	1465973
1126038	1465477
1126039	1465473
1126142	1467016
1126148	1467037
1126428	1466818
1126459	1467432
1126585	1467140
1126748	1466545
1126769	1466587
1126784	1466902
1126793	1466908
1126801	1467200
1126886	1467220
1126890	1467580
1126958	1467240
1127046	1466650
1127079	1467264
1127108	1466692
1127122	1466980
1127133	1467275
1127146	1467291
1127156	1465085
1127162	1466708
1127176	1466722
1127177	1466723
1127336	1467983
1127353	1468288
1127542	1468022
1127801	1467821
1127975	1468433
1128112	1468182
1128274	1468491
1128323	1468231
1128325	1468237
1128440	1468906
1128466	1468958
1128475	1468962
1128632	1469406
1128636	1469407
1128839	1469474
1129015	1469545
1129016	1469552
1129042	1469247
1129044	1469256
1129046	1469250
1129174	1469306
1129218	1469319
1129330	1469348
1129355	1470395
1129649	1469773
1129657	1469771
1129660	1469780
1129743	1470139
1129786	1470876
1129883	1469829
1129887	1469832
1129897	1470220
1129985	1470280
1130108	1470316
1130111	1470318
1130219	1470987
1130221	1471000
1130314	1470369
1130532	1470732
1130627	1471496
1130678	1471547
1130688	1471561
1130831	1471630
1130861	1471303
1130865	1471311
1130921	1471396
1131058	1471689
1131334	1472148
1131358	1471825
1131491	1472204
1131752	1472664
1131833	1472719
1131850	1473020
1131954	1472772
1131961	1472782
1132384	1474138
1132393	1474141
1132685	1473247
1132716	1474088
1132987	1474770
1133045	1474278
1133175	1473238
1133308	1474383
1133358	1473305
1133390	1474384
1133414	1474933
1133689	1474611
1133723	1474251
1133724	1474252
1134087	1475201
1134311	1475019
1134796	1475463
1134820	1475489
1134942	1475549
1135076	1475647
1135156	1475683
1135161	1475695
1135447	1476866
1135463	1476378
1135493	1476904
1135518	1476396
1135531	1476406
1135534	1476912
1135580	1476448
1135606	1476945
1135777	1476510
1135805	1476076
1135819	1476542
1135873	1476105
1135961	1476154
1135987	1476682
1136073	1476785
1136251	1478838
1136913	1477413
1137183	1477480
1137259	1477939
1137444	1478472
1137489	1478052
1137548	1477275
1137690	1477300
1137742	1478144
1138040	1478666
1138425	1479956
1138481	1479222
1139033	1480814
1139083	1480828
1139137	1480488
1139154	1480860
1139393	1480232
1139447	1481425
1139494	1480982
1139611	1481003
1139701	1481768
1139812	1505501
1139946	1480763
1139950	1480764
1139986	1482553
1140060	1480106
1140161	1481979
1140194	1481602
1140343	1481669
1140462	1482386
1140477	1481293
1140947	1481420
1141088	1482221
1141437	1483063
1141547	1483504
1141627	1300981
1141661	1483117
1142103	1482886
1142111	1483253
1142201	1483316
1142245	1482907
1142258	1483313
1142310	1181017
1142345	1483328
1142480	1482999
1142502	1483842
1142518	1482668
1142594	1484235
1142779	1484010
1142800	1484389
1142847	1484038
1142865	1484427
1142911	1484102
1142938	1484161
1143101	1484480
1143284	1484548
1143327	1484565
1143502	1484645
1143505	1484656
1143559	1484666
1143623	1484680
1143624	1484678
1143635	1484690
1143819	1485567
1143882	1485848
1143901	1486173
1143922	1485105
1143926	1485112
1143987	1485854
1143993	1485862
1144042	1485144
1144127	1485151
1144171	1485517
1144183	1485522
1144205	1485904
1144207	1485910
1144267	1485200
1144341	1485956
1144342	1485955
1144344	1484841
1144434	1485583
1144484	1484827
1144492	1484829
1144645	1485305
1144646	1485304
1144721	1484895
1144763	1485637
1144788	1486017
1144852	1485343
1144853	1485339
1144969	1485359
1145138	1486090
1145140	1484977
1145163	1484997
1145257	1485039
1145277	1485060
1145398	1485026
1145485	1486147
1145504	1485073
1145626	1485090
1145685	1485812
1145690	1485809
1145751	1487522
1146015	1486514
1146065	1486844
1146155	1486549
1146239	1486264
1146281	1486867
1146371	1486577
1146487	1486609
1146538	1486958
1146714	1486337
1146769	1486979
1146771	1486984
1146863	1486674
1147027	1487061
1147115	1487068
1147140	1487448
1147370	1487108
1147382	1487481
1147392	1487487
1147488	1487128
1147552	1486440
1147603	1487152
1147645	1487929
1147653	1487934
1147696	1487622
1147712	1487951
1147740	1487968
1147942	1487688
1147998	1487768
1148040	1487757
1148083	1487799
1148097	1487808
1148547	1488539
1148767	1488285
1149104	1489997
1149161	1490016
1149505	1489769
1149571	1489804
1149575	1489813
1149806	1489881
1149825	1488922
1150193	1491035
1150220	1490345
1150645	1526598
1150649	1490451
1150824	1491246
1150881	1491249
1151277	1490309
1152158	1201442
1152250	1201501
1152348	1201562
1152504	1201277
1152505	1201268
1152507	1201270
1152510	1201284
1152561	1201350
1152705	1201812
1152723	1201811
1152737	1201981
1152853	1202058
1152907	1201860
1152938	1202104
1152941	1202107
1152982	1202117
1153017	1201987
1153067	1201874
1153071	1201876
1153075	1201884
1153105	1202161
1153163	1201659
1153221	1201775
1153226	1201777
1153229	1201783
1153242	1201644
1153276	1201771
1153291	1201617
1153304	1201638
1153317	1201701
1153356	1201795
1153406	1202974
1153412	1202979
1153453	1202361
1153455	1202378
1153457	1202367
1153531	1202404
1153567	1202205
1153632	1202279
1153636	1202268
1153689	1202565
1153691	1202566
1153693	1202574
1153695	1202576
1153722	1202511
1153877	1202629
1153887	1202626
1153935	1202660
1153987	1202628
1153988	1202632
1154036	1202785
1154053	1202714
1154069	1202688
1154073	1203030
1154147	1202863
1154168	1202837
1154170	1202838
1154181	1202239
1154183	1202231
1154185	1202236
1154205	1202844
1154261	1202229
1154281	1202898
1154290	1202906
1154298	1202907
1154343	1202921
1154375	1202335
1154412	1202962
1154426	1202965
1154439	1189515
1154509	1506029
1154688	1503340
1154751	1493035
1154826	1493087
1154828	1493089
1154942	1492654
1154973	1501408
1154981	1493200
1155043	1494214
1155179	1493734
1155199	1518676
1155200	1525936
1155268	1494299
1155317	1493798
1155426	1492396
1155438	1493421
1155605	1493474
1155691	1493914
1155744	1493493
1155762	1493932
1155849	1494582
1155856	1494583
1156092	1492707
1156174	1492732
1156350	1493855
1156537	1494067
1156570	1494095
1156640	1527016
1157155	1515368
1157205	1495096
1157479	1495190
1157754	1505538
1157789	1496080
1157791	1496069
1157818	1496353
1158002	1495857
1158014	1496125
1158118	1495885
1158194	1495921
1158301	1495636
1158325	1499301
1158374	1495652
1158639	1495725
1158749	1509581
1158789	1496895
1158939	1496940
1159150	1496436
1159172	1496702
1159209	1497306
1159244	1496719
1159298	1505728
1159481	1496792
1159518	1396191
1159638	1511722
1161458	1499285
1162355	1230589
1162789	1269644
1162790	1269919
1162887	1277143
1163559	1346103
1163569	1351290
1163897	1361914
1164619	1382444
1164646	1383397
1164784	1392958
1164828	1391864
1165027	1399140
1165170	1400373
1165266	1401146
1165638	1404309
1165693	1404714
1165770	1403899
1166164	1420540
1166371	1425051
1166653	1433746
1166837	1441320
1167404	1500014
1167513	1454362
1167831	1168249
1168038	1468370
1168334	1168344
1168359	1168421
1168398	1485896
1168946	1333198
1169029	1511037
1169653	1277508
1169720	1385389
1169733	1416159
1169876	1315907
1170720	1295966
1170978	1235408
1171854	1292722
1171991	1300160
1172331	1415563
1172369	1416323
1172886	1335929
1173238	1212579
1173472	1196395
1173547	1350553
1174370	1423085
1174431	1502898
1174879	1235981
1175571	1303866
1175610	1302878
1175847	1494135
1176194	1342080
1176294	1494043
1176351	1256253
1176411	1493180
1176528	1447737
1177002	1335934
1177409	1307779
1177452	1509866
1177506	1493371
1177761	1318743
1177900	1493733
1177925	1493594
1178005	1418678
1178010	1418696
1178218	1230670
1178950	1504992
1179019	1256249
1179396	1290250
1179991	1320159
1180421	1445292
1180467	1406176
1180511	1398927
1180542	1235407
1180582	1300262
1180623	1200195
1180646	1201018
1180648	1200805
1180676	1184486
1180770	1278280
1180775	1188839
1180839	1389980
1180950	1461814
1180958	1243547
1180977	1509821
1181091	1417759
1181247	1500784
1181349	1493472
1181397	1312686
1181416	1400287
1181417	1399690
1181601	1328678
1181615	1402939
1181837	1212431
1181869	1483642
1182157	1525911
1182488	1453860
1182535	1387739
1182635	1416050
1182815	1202578
1182818	1202662
1182921	1291330
1183326	1202244
1183331	1230715
1183436	1419023
1183565	1331827
1183686	1264980
1183822	1317715
1183937	1317989
1184311	1239451
1184379	1526439
1184814	1252681
1184816	1252682
1184983	1525056
1185018	1380234
1185187	1494216
1185450	1200488
1185546	1200811
1185728	1505240
1185799	1495948
1186133	1255839
1186134	1255841
1186282	1419474
1186344	1496721
1186380	1322298
1186417	1359847
1186977	1201436
1186984	1186985
1187042	1395054
1187247	1330787
1187741	1239164
1187818	1318514
1187942	1418316
1188169	1452450
1188691	1235849
1188859	1446559
1188867	1494533
1188965	1464380
1189385	1266536
1189482	1203065
1190031	1494541
1190032	1494542
1190091	1256292
1190126	1273825
1190291	1486869
1190505	1341965
1190631	1512709
1190971	1346288
1191037	1324586
1191264	1335437
1191347	1388555
1191415	1277175
1191433	1493050
1191472	1324006
1191718	1269536
1191780	1402607
1191816	1304331
1191937	1226258
1191942	1389686
1192108	1387067
1192355	1326130
1192409	1419765
1192588	1460398
1192696	1271918
1192698	1287115
1192886	1457222
1192958	1231600
1193282	1255370
1193361	1245422
1193451	1523413
1194004	1492759
1194043	1472323
1194087	1310397
1194129	1319295
1194133	1319297
1194177	1305158
1194249	1446390
1194264	1445737
1194297	1438393
1194308	1340441
1194439	1250751
1194521	1282711
1194571	1250765
1194707	1227036
1194768	1412728
1195309	1464296
1195319	1217758
1195425	1334414
1195524	1434842
1195576	1324538
1195877	1463205
1195956	1389757
1195979	1228600
1196008	1480920
1196362	1331856
1196433	1313032
1196506	1342354
1196645	1210242
1196708	1350397
1196813	1385406
1196906	1527470
1197275	1264772
1197332	1442158
1197418	1226468
1197423	1202188
1197521	1247510
1197593	1435615
1197994	1355347
1197999	1297416
1198125	1474589
1198197	1317382
1198222	1256290
1198241	1320345
1198242	1320348
1198302	1418880
1198591	1202176
1198680	1210613
1199476	1504372
1200889	1504913
1201293	1513668
1201300	1511028
1201738	1514116
1202867	1512463
1202874	1524759,1524820
1202888	1512474
1206709	1525649
1212668	1526133
1216276	1216277
1231676	1515149
1236482	1518518
1239533	1523528
1239666	1517443
1240616	1526436
1254635	1502181
1273906	1526995
1288151	1525946
1290167	1525394
1293708	1526382
1295198	1526317
1295304	1526009
1296661	1524575
1296668	1524616
1304538	1506229
1309634	1505178
1320279	1526760
1320594	1517230
1320600	1517232
1320939	1509377
1340193	1513372
1346451	1505251
1350202	1524897
1350216	1524898
1352151	1518762
1352975	1525735
1355767	1519560
1356050	1510952
1366309	1525314
1366310	1525264
1366313	1525253
1373015	1509781
1385411	1518941
1386426	1502131
1387117	1509673
1390234	1519541
1392920	1520479
1394404	1505331
1397625	1505339
1402110	1525220
1402165	1525770
1405925	1505352
1409307	1505375
1409949	1506213
1429297	1519832
1447420	1514289
1453777	1516944
1453791	1516934
1454211	1525606
1461436	1505934
1469560	1505453
1473663	1509959
1473765	1510505
1476949	1514831
1492532	1523565
1492718	1512672
1501106	1509628
1501220	1509291
1501906	1524490
1503578	1524255
1505134	1527344
1505406	1511377
1505863	1505867
1505894	1526461
1506325	1512074
1506405	1515100
1507224	1521153
1507885	1524618
1508917	1516925
1510430	1524470
1512906	1524445
1517512	1518289
1522958	1524718
1524823	1524824
